%!PS-Adobe-3.0 EPSF-3.0
%%Creator: cairo 1.16.0 (https://cairographics.org)
%%CreationDate: Wed Jan 15 07:47:33 2020
%%Pages: 1
%%DocumentData: Clean7Bit
%%LanguageLevel: 2
%%BoundingBox: 20 0 364 384
%%EndComments
%%BeginProlog
50 dict begin
/q { gsave } bind def
/Q { grestore } bind def
/cm { 6 array astore concat } bind def
/w { setlinewidth } bind def
/J { setlinecap } bind def
/j { setlinejoin } bind def
/M { setmiterlimit } bind def
/d { setdash } bind def
/m { moveto } bind def
/l { lineto } bind def
/c { curveto } bind def
/h { closepath } bind def
/re { exch dup neg 3 1 roll 5 3 roll moveto 0 rlineto
      0 exch rlineto 0 rlineto closepath } bind def
/S { stroke } bind def
/f { fill } bind def
/f* { eofill } bind def
/n { newpath } bind def
/W { clip } bind def
/W* { eoclip } bind def
/BT { } bind def
/ET { } bind def
/BDC { mark 3 1 roll /BDC pdfmark } bind def
/EMC { mark /EMC pdfmark } bind def
/cairo_store_point { /cairo_point_y exch def /cairo_point_x exch def } def
/Tj { show currentpoint cairo_store_point } bind def
/TJ {
  {
    dup
    type /stringtype eq
    { show } { -0.001 mul 0 cairo_font_matrix dtransform rmoveto } ifelse
  } forall
  currentpoint cairo_store_point
} bind def
/cairo_selectfont { cairo_font_matrix aload pop pop pop 0 0 6 array astore
    cairo_font exch selectfont cairo_point_x cairo_point_y moveto } bind def
/Tf { pop /cairo_font exch def /cairo_font_matrix where
      { pop cairo_selectfont } if } bind def
/Td { matrix translate cairo_font_matrix matrix concatmatrix dup
      /cairo_font_matrix exch def dup 4 get exch 5 get cairo_store_point
      /cairo_font where { pop cairo_selectfont } if } bind def
/Tm { 2 copy 8 2 roll 6 array astore /cairo_font_matrix exch def
      cairo_store_point /cairo_font where { pop cairo_selectfont } if } bind def
/g { setgray } bind def
/rg { setrgbcolor } bind def
/d1 { setcachedevice } bind def
/cairo_data_source {
  CairoDataIndex CairoData length lt
    { CairoData CairoDataIndex get /CairoDataIndex CairoDataIndex 1 add def }
    { () } ifelse
} def
/cairo_flush_ascii85_file { cairo_ascii85_file status { cairo_ascii85_file flushfile } if } def
/cairo_image { image cairo_flush_ascii85_file } def
/cairo_imagemask { imagemask cairo_flush_ascii85_file } def
%%EndProlog
%%BeginSetup
%%EndSetup
%%Page: 1 1
%%BeginPageSetup
%%PageBoundingBox: 20 0 364 384
%%EndPageSetup
q 20 0 344 384 rectclip
1 0 0 -1 0 384 cm q
0 g
192 48 m 112.473 48 48 112.473 48 192 c 48 271.527 112.473 336 192 336 
c 271.527 336 336 271.527 336 192 c 335.91 112.508 271.492 48.09 192 48 
c h
126.855 79.164 m 130.137 77.273 134.332 78.395 136.223 81.676 c 146.508
 99.504 l 147.754 101.625 147.766 104.254 146.539 106.387 c 145.316 108.52
 143.039 109.836 140.578 109.828 c 138.117 109.824 135.848 108.5 134.633
 106.359 c 124.348 88.531 l 122.453 85.254 123.578 81.059 126.855 79.164
 c h
73.164 226.113 m 71.391 226.523 69.523 226.211 67.98 225.242 c 66.434 224.273
 65.34 222.727 64.938 220.949 c 62.785 211.453 61.703 201.742 61.715 192
 c 61.715 188.215 64.785 185.145 68.57 185.145 c 72.359 185.145 75.43 188.215
 75.43 192 c 75.43 200.715 76.402 209.406 78.328 217.906 c 79.168 221.598
 76.859 225.273 73.164 226.113 c h
79.164 126.855 m 81.059 123.578 85.254 122.453 88.531 124.348 c 106.359
 134.633 l 108.5 135.848 109.824 138.117 109.828 140.578 c 109.836 143.039
 108.52 145.316 106.387 146.539 c 104.254 147.766 101.625 147.754 99.504
 146.508 c 81.676 136.223 l 78.395 134.332 77.273 130.137 79.164 126.855
 c h
192 322.285 m 151.629 322.387 113.523 303.652 88.945 271.625 c 87.445 269.688
 87.094 267.098 88.023 264.828 c 88.949 262.562 91.02 260.961 93.445 260.633
 c 95.875 260.305 98.293 261.293 99.793 263.23 c 121.781 291.891 155.879
 308.656 192 308.57 c 195.785 308.57 198.855 311.641 198.855 315.43 c 198.855
 319.215 195.785 322.285 192 322.285 c h
187.152 196.848 m 185.867 195.562 185.145 193.82 185.145 192 c 185.145 
89.145 l 185.145 85.355 188.215 82.285 192 82.285 c 195.785 82.285 198.855
 85.355 198.855 89.145 c 198.855 189.16 l 244.848 235.152 l 246.629 236.875
 247.344 239.422 246.719 241.82 c 246.09 244.219 244.219 246.09 241.82 246.719
 c 239.422 247.344 236.875 246.629 235.152 244.848 c h
257.145 304.836 m 253.863 306.727 249.668 305.605 247.777 302.324 c 237.492
 284.496 l 236.246 282.375 236.234 279.746 237.461 277.613 c 238.684 275.48
 240.961 274.164 243.422 274.172 c 245.883 274.176 248.152 275.5 249.367
 277.641 c 259.652 295.469 l 261.547 298.746 260.422 302.941 257.145 304.836
 c h
298.891 260.57 m 297.684 260.574 296.504 260.258 295.461 259.652 c 277.633
 249.367 l 274.379 247.461 273.277 243.285 275.16 240.023 c 277.047 236.758
 281.211 235.629 284.488 237.492 c 302.316 247.777 l 305.004 249.328 306.316
 252.492 305.512 255.488 c 304.711 258.488 301.992 260.57 298.891 260.57
 c h
298.891 260.57 m f
343.418 85.66 m 356.098 71.516 359.934 51.531 353.398 33.695 c 346.863 
15.859 331.02 3.086 312.207 0.484 c 293.391 -2.121 274.676 5.867 263.539
 21.258 c 295.672 34.82 323.352 57.133 343.418 85.66 c h
343.418 85.66 m f
120.465 21.258 m 109.328 5.867 90.609 -2.121 71.793 0.484 c 52.977 3.09
 37.133 15.867 30.598 33.703 c 24.062 51.539 27.902 71.527 40.582 85.672
 c 60.652 57.145 88.332 34.824 120.465 21.258 c h
120.465 21.258 m f
319.305 326.242 m 312.586 332.621 305.398 338.488 297.805 343.797 c 317.293
 377.184 l 321.195 383.582 329.438 385.773 336 382.156 c 339.152 380.34 
341.453 377.344 342.387 373.828 c 343.324 370.312 342.82 366.57 340.984 
363.43 c h
319.305 326.242 m f
363.43 192 m 363.43 97.324 286.676 20.57 192 20.57 c 97.324 20.57 20.57
 97.324 20.57 192 c 20.57 286.676 97.324 363.43 192 363.43 c 286.633 363.324
 363.324 286.633 363.43 192 c h
192 349.715 m 104.898 349.715 34.285 279.102 34.285 192 c 34.285 104.898
 104.898 34.285 192 34.285 c 279.102 34.285 349.715 104.898 349.715 192 
c 349.621 279.062 279.062 349.621 192 349.715 c h
192 349.715 m f
43.016 363.387 m 41.176 366.523 40.66 370.262 41.586 373.777 c 42.512 377.293
 44.801 380.293 47.945 382.113 c 54.496 385.832 62.816 383.641 66.691 377.184
 c 86.188 343.797 l 78.598 338.484 71.41 332.613 64.691 326.234 c h
43.016 363.387 m f
Q Q
showpage
%%Trailer
end
%%EOF
